0.2 0.2
28
 0.0  0.0
10.0  0.0
10.0  8.0
 0.0  8.0
 1.5  1.5
 2.5  1.5
 2.5  2.5
 1.5  2.5
 4.5  3.5
 5.5  3.5
 5.5  4.5
 4.5  4.5
 7.0  1.0
 8.5  1.0
 8.5  2.5
 7.0  2.5
 1.5  5.0
 2.5  5.0
 2.5  6.5
 1.5  6.5
 6.5  5.0
 8.0  5.0
 8.0  7.0
 6.5  7.0
 3.5  0.0
 6.5  0.0
 6.5  2.0
 3.5  2.0
28
 1  2 1
 2  3 1
 3  4 1
 4  1 1
 5  8 2
 8  7 2
 7  6 2
 6  5 2
 9 12 3
12 11 3
11 10 3
10  9 3
13 16 4
16 15 4
15 14 4
14 13 4
17 20 5
20 19 5
19 18 5
18 17 5
21 24 6
24 23 6
23 22 6
22 21 6
25 28 7
28 27 7
27 26 7
26 25 7
